1631935800000.0,0
1631979000000.0,-0.13
1631981700000.0,0.006
1631983500000.0,0.211
1631985300000.0,0.336
1631986800000.0,0.452
1631988600000.0,0.545
1632005700000.0,0.576
1632009900000.0,0.611
1632011400000.0,0.64
1632041280000.0,0.51
1632042600000.0,0.541
1632051600000.0,0.631
1632067500000.0,0.501
1632074100000.0,0.552
1632090960000.0,0.422
1632094800000.0,0.462
1632096900000.0,0.563
1632105900000.0,0.737
1632107700000.0,1.026
1632123300000.0,0.896
1632137400000.0,0.984
1632141000000.0,1.181
1632154200000.0,1.232
1632165660000.0,1.335
1632179700000.0,1.205
1632183600000.0,1.382
1632196860000.0,1.484
1632198360000.0,1.354
1632230100000.0,1.224
1632233400000.0,1.303
1632236100000.0,1.173
1632245100000.0,1.246
1632255300000.0,1.277
1632256800000.0,1.47
1632258900000.0,1.552
1632286800000.0,1.608
1632307200000.0,1.649
1632309360000.0,1.519
1632310800000.0,1.56
1632331320000.0,1.43
1632374700000.0,1.487
1632386100000.0,1.527
1632392460000.0,1.568
1632397980000.0,1.643
1632409860000.0,1.763
1632412500000.0,1.847
1632424440000.0,1.926
1632444600000.0,1.796
1632446460000.0,1.666
1632448800000.0,1.712
1632460800000.0,1.582
1632474300000.0,1.666
1632475800000.0,2.018
1632497700000.0,2.049
1632534240000.0,1.959
1632558360000.0,2.033
1632582300000.0,2.117
1632617640000.0,1.987
1632621360000.0,2.018
1632635880000.0,1.867
1632638100000.0,1.737
1632639600000.0,1.789
1632641100000.0,1.863
1632642660000.0,1.733
1632645300000.0,1.603
1632663900000.0,1.802
1632675060000.0,1.836
1632679260000.0,1.879
1632697200000.0,1.924
1632712740000.0,1.952
1632714300000.0,2.04
1632717060000.0,2.102
1632718560000.0,2.166
1632726900000.0,2.227
1632728820000.0,2.304
1632744960000.0,2.174
1632746940000.0,2.307
1632754980000.0,2.374
1632756600000.0,2.468
1632761700000.0,2.503
1632786360000.0,2.373
1632788280000.0,2.578
1632810000000.0,2.631
1632814200000.0,2.667
1632834060000.0,2.704
1632837420000.0,2.765
1632838860000.0,2.836
1632841860000.0,2.903
1632872880000.0,2.773
1632886380000.0,2.856
1632890160000.0,2.899
1632906360000.0,2.941
1632933660000.0,3.017
1632946800000.0,3.049
1633013700000.0,2.919
1633029360000.0,2.951
1633056060000.0,3.012
1633057860000.0,3.071
1633074720000.0,3.168
1633076400000.0,3.214
1633079220000.0,3.294
1633094520000.0,3.349
1633096260000.0,3.219
1633097820000.0,3.089
1633099260000.0,2.959
1633101420000.0,3.059
1633141800000.0,3.14
1633163160000.0,3.2
1633206780000.0,3.274
1633218000000.0,3.362
1633222200000.0,3.232
1633255800000.0,3.264
1633271400000.0,3.44
1633275600000.0,3.485
1633284960000.0,3.355
1633286400000.0,3.413
1633295700000.0,3.484
1633308000000.0,3.354
1633309920000.0,3.388
1633341960000.0,3.433
1633346760000.0,3.303
1633359120000.0,3.409
1633378680000.0,3.29
1633439460000.0,3.346
1633443960000.0,3.479
1633482900000.0,3.527
1633493400000.0,3.397
1633508700000.0,3.506
1633553400000.0,3.534
1633566600000.0,3.597
1633570500000.0,3.688
1633585620000.0,3.747
1633599060000.0,3.617
1633617600000.0,3.487
1633694400000.0,3.357
1633753560000.0,3.428
1633768980000.0,3.471
1633797900000.0,3.341
1633828380000.0,3.211
1633830120000.0,3.26
1633859760000.0,3.3
1633899900000.0,3.17
1633910700000.0,3.213
1633950480000.0,3.083
1633977780000.0,3.132
1633982700000.0,3.186
1634000700000.0,3.056
1634010600000.0,3.095
1634032560000.0,2.965
1634034060000.0,3.041
1634053140000.0,2.911
1634054700000.0,2.944
1634057340000.0,2.985
1634093160000.0,2.855
1634094960000.0,2.725
1634096460000.0,2.763
1634104200000.0,2.813
1634157960000.0,2.723
1634198280000.0,2.595
1634215560000.0,2.664
1634233080000.0,2.713
1634257920000.0,2.748
1634260500000.0,2.826
1634262660000.0,2.942
1634271240000.0,2.812
1634272800000.0,2.856
1634285820000.0,2.884
1634287260000.0,2.939
1634349000000.0,2.809
1634389200000.0,2.876
1634390820000.0,2.915
1634430900000.0,2.948
1634485620000.0,2.983
1634502300000.0,3.021
1634653860000.0,3.056
1634761500000.0,3.11
1634817360000.0,2.98
1634818500000.0,3.064
1634830200000.0,3.162
1634884920000.0,3.214
1634912640000.0,3.124
1635077100000.0,3.034
1635078120000.0,3.123
1635089100000.0,3.19
1635286200000.0,3.272
1635288900000.0,3.142
1635300420000.0,3.012
1635307500000.0,3.124
1635314340000.0,3.176
1635315720000.0,3.244
1635318660000.0,3.272
1635321360000.0,3.324
1635343800000.0,3.385
1635362100000.0,3.498
1635363900000.0,3.53
1635377400000.0,3.627
1635395100000.0,3.672
1635401700000.0,3.542
1635420060000.0,3.589
1635446700000.0,3.777
1635486300000.0,3.647
1635509160000.0,3.757
1635529320000.0,3.922
1635530700000.0,3.956
1635532620000.0,3.826
1635534600000.0,3.874
1635562500000.0,4.001
1635564420000.0,3.871
1635565500000.0,3.741
1635567840000.0,3.802
1635570000000.0,3.842
1635584760000.0,3.933
1635611460000.0,3.803
1635621360000.0,3.848
1635625080000.0,3.878
1635626760000.0,3.934
1635648300000.0,3.804
1635650160000.0,3.841
1635653520000.0,3.711
1635655680000.0,3.757
1635669000000.0,3.787
1635675300000.0,3.657
1635682320000.0,3.717
1635686700000.0,3.587
1635705300000.0,3.628
1635735960000.0,3.677
1635737160000.0,3.547
1635738660000.0,3.417
1635776040000.0,3.327
1635801420000.0,3.368
1635813720000.0,3.425
1635822000000.0,3.456
1635851580000.0,3.497
1635871500000.0,3.531
1635883560000.0,3.563
1635910980000.0,3.433
1635914460000.0,3.303
1635915720000.0,3.333
1635928560000.0,3.374
1635938160000.0,3.428
1635943560000.0,3.298
1635988620000.0,3.33
1636016820000.0,3.382
1636037820000.0,3.252
1636039260000.0,3.122
1636125000000.0,3.193
1636183980000.0,3.286
1636196700000.0,3.466
1636458000000.0,3.509
1636470060000.0,3.379
1636574340000.0,3.249
1636577760000.0,3.119
1636579500000.0,3.559
1636595220000.0,3.621
1636701300000.0,3.655
1636711200000.0,3.525
1636735620000.0,3.566
1636795800000.0,3.663
1636807200000.0,3.718
1636828800000.0,3.946
1636834500000.0,3.986
1636840200000.0,4.022
1636861380000.0,4.074
1636877580000.0,4.114
1636903500000.0,4.274
1636906140000.0,4.144
1636908600000.0,4.208
1636911180000.0,4.088
1636966200000.0,4.129
1636970160000.0,4.169
1636972260000.0,4.227
1636974000000.0,4.259
1636985700000.0,4.288
1637014200000.0,4.337
1637025300000.0,4.651
1637037960000.0,4.521
1637046900000.0,4.568
1637057400000.0,4.817
1637068260000.0,4.848
1637071500000.0,4.718
1637080800000.0,4.588
1637086500000.0,4.723
1637088780000.0,4.79
1637107800000.0,4.866
1637144400000.0,4.963
1637168100000.0,4.833
1637186400000.0,5.158
1637193300000.0,5.028
1637194800000.0,5.2
1637241600000.0,5.287
1637243760000.0,5.157
1637245260000.0,5.275
1637248800000.0,5.306
1637250900000.0,5.176
1637259900000.0,5.41
1637287200000.0,5.28
1637290500000.0,5.445
1637305800000.0,5.474
1637311800000.0,5.635
1637325600000.0,5.676
1637357700000.0,5.797
1637359860000.0,5.873
1637391900000.0,5.959
1637415300000.0,6.029
1637419800000.0,6.114
1637430000000.0,6.291
1637432160000.0,6.38
1637434500000.0,6.25
1637445900000.0,6.378
1637448360000.0,6.248
1637472660000.0,6.118
1637483100000.0,6.32
1637496900000.0,6.37
1637500860000.0,6.24
1637502300000.0,6.11
1637512200000.0,6.157
1637522520000.0,6.218
1637524200000.0,6.289
1637527200000.0,6.359
1637528700000.0,6.62
1637550900000.0,6.683
1637552400000.0,6.553
1637555400000.0,6.588
1637557200000.0,6.657
1637588040000.0,6.915
1637606340000.0,6.995
1637607660000.0,6.865
1637609400000.0,6.995
1637622900000.0,7.167
1637624760000.0,7.211
1637626260000.0,7.081
1637634900000.0,7.152
1637637060000.0,7.201
1637651760000.0,7.071
1637665500000.0,7.159
1637667120000.0,7.029
1637671860000.0,6.899
1637680860000.0,6.769
1637709180000.0,6.829
1637711400000.0,6.871
1637742000000.0,6.926
1637744460000.0,7.062
1637747100000.0,6.932
1637748600000.0,7.021
1637789400000.0,7.089
1637801100000.0,6.959
1637807100000.0,7.043
1637811960000.0,7.093
1637834700000.0,7.174
1637845500000.0,7.286
1637859000000.0,7.498
1637860500000.0,7.722
1637874300000.0,7.773
1637875800000.0,7.884
1637892900000.0,7.754
1637908500000.0,7.823
1637915100000.0,7.693
1637927700000.0,7.853
1637941500000.0,8.04
1637964000000.0,8.138
1637966100000.0,8.008
1637969400000.0,8.046
1637971500000.0,7.916
1637986260000.0,7.981
1637991960000.0,7.851
1637994300000.0,8.004
1638024000000.0,8.065
1638025500000.0,8.143
1638033060000.0,8.219
1638034800000.0,8.089
1638045840000.0,7.959
1638056880000.0,7.998
1638063960000.0,8.072
1638065460000.0,8.159
1638066900000.0,8.029
1638088860000.0,7.899
1638117000000.0,7.954
1638133200000.0,8.032
1638136500000.0,8.064
1638148920000.0,8.154
1638162060000.0,8.201
1638164220000.0,8.071
1638168000000.0,7.941
1638179100000.0,8.038
1638193800000.0,8.072
1638213060000.0,8.125
1638225900000.0,7.995
1638229500000.0,8.037
1638241800000.0,8.151
1638243300000.0,8.021
1638277800000.0,8.059
1638326460000.0,7.929
1638327660000.0,8.023
1638346200000.0,8.065
1638353820000.0,8.098
1638386100000.0,8.128
1638406200000.0,8.19
1638407760000.0,8.238
1638409200000.0,8.285
1638499500000.0,8.543
1638540300000.0,8.639
1638543420000.0,8.509
1638547080000.0,8.554
1638559800000.0,8.622
1638561600000.0,8.492
1638572520000.0,8.554
1638577860000.0,8.424
1638579300000.0,8.551
1638592800000.0,8.592
1638594300000.0,8.96
1638595800000.0,9.437
1638597600000.0,9.718
1638616200000.0,9.776
1638617700000.0,9.835
1638636600000.0,9.705
1638638100000.0,9.769
1638641100000.0,9.87
1638664500000.0,10.016
1638670200000.0,10.062
1638671760000.0,10.091
1638695160000.0,9.961
1638710400000.0,10.003
1638713100000.0,10.046
1638714600000.0,10.134
1638717060000.0,10.197
1638718500000.0,10.067
1638730920000.0,9.937
1638732180000.0,9.978
1638733500000.0,10.028
1638751800000.0,10.123
1638753660000.0,10.189
1638766560000.0,10.271
1638770400000.0,10.304
1638773820000.0,10.174
1638775800000.0,10.327
1638784800000.0,10.357
1638787020000.0,10.227
1638789000000.0,10.289
1638798660000.0,10.45
1638801600000.0,10.523
1638803460000.0,10.604
1638813420000.0,10.649
1638815100000.0,10.682
1638831900000.0,10.821
1638837420000.0,10.863
1638839400000.0,10.93
1638840960000.0,10.967
1638843480000.0,11.047
1638844800000.0,11.111
1638877560000.0,11.184
1638879900000.0,11.229
1638894180000.0,11.264
1638895620000.0,11.309
1638899400000.0,11.359
1638908700000.0,11.445
1638935400000.0,11.51
1638960300000.0,11.614
1639016400000.0,11.524
1639019580000.0,11.434
1639058820000.0,11.304
1639072800000.0,11.462
1639074360000.0,11.332
1639076040000.0,11.388
1639093680000.0,11.258
1639095000000.0,11.427
1639117800000.0,11.297
1639119600000.0,11.167
1639121460000.0,11.037
1639122660000.0,11.066
1639147860000.0,11.233
1639153200000.0,11.274
1639175760000.0,11.302
1639181700000.0,11.372
1639184760000.0,11.406
1639213920000.0,11.276
1639216740000.0,11.352
1639228080000.0,11.222
1639249500000.0,11.265
1639251000000.0,11.33
1639264560000.0,11.381
1639295460000.0,11.251
1639298700000.0,11.4
1639321620000.0,11.27
1639356300000.0,11.14
1639357860000.0,11.01
1639359360000.0,11.089
1639360800000.0,11.149
1639381860000.0,11.185
1639402080000.0,11.223
1639405080000.0,11.133
1639406160000.0,11.246
1639408860000.0,11.292
1639423920000.0,11.162
1639438500000.0,11.194
1639440300000.0,11.266
1639464300000.0,11.337
1639478700000.0,11.384
1639499700000.0,11.414
1639502280000.0,11.48
1639522560000.0,11.531
1639524960000.0,11.585
1639533480000.0,11.632
1639535640000.0,11.676
1639573260000.0,11.734
1639581900000.0,11.766
1639583400000.0,11.636
1639584900000.0,11.682
1639608060000.0,11.772
1639626300000.0,11.805
1639629420000.0,11.715
1639630380000.0,11.745
1639676700000.0,11.81
1639698480000.0,11.881
1639725180000.0,11.791
1639739400000.0,11.82
1639752060000.0,11.883
1639763400000.0,11.932
1639787100000.0,11.802
1639855200000.0,11.852
1639909800000.0,11.882
1639958340000.0,11.916
1639959660000.0,11.964
1639979760000.0,11.834
1639992540000.0,11.88
1640003760000.0,11.922
1640005320000.0,11.792
1640041260000.0,11.878
1640178060000.0,11.946
1640179800000.0,11.976
1640219520000.0,11.886
1640249160000.0,11.796
1640275440000.0,11.858
1640287260000.0,11.996
1640291520000.0,12.048
1640304900000.0,12.094
1640358300000.0,12.18
1640490240000.0,12.222
1640501220000.0,12.251
1640595600000.0,12.299
1640634420000.0,12.404
1640649900000.0,12.274
1640651460000.0,12.144
1640655600000.0,12.014
1640708460000.0,11.884
1640712900000.0,11.917
1640718360000.0,11.787
1640756820000.0,11.824
1640763120000.0,11.87
1640782860000.0,11.953
1640784300000.0,11.99
1640820600000.0,12.035
1640836800000.0,12.098
1640854800000.0,12.128
1640897520000.0,12.165
1640970960000.0,12.216
1640980800000.0,12.314
1641228120000.0,12.382
1641241800000.0,12.446
1641257820000.0,12.505
1641322080000.0,12.415
1641323100000.0,12.47
1641405900000.0,12.52
1641412200000.0,12.571
1641413700000.0,12.824
1641416400000.0,12.911
1641434640000.0,12.969
1641461700000.0,13.05
1641484020000.0,13.079
1641485700000.0,13.126
1641487320000.0,13.179
1641514200000.0,13.246
1641515700000.0,13.311
1641525660000.0,13.181
1641526800000.0,13.051
1641529920000.0,12.921
1641539400000.0,12.791
1641563700000.0,12.845
1641596220000.0,12.899
1641598020000.0,12.956
1641654900000.0,12.985
1641656820000.0,12.855
1641659700000.0,12.911
1641661500000.0,12.948
1641664380000.0,12.818
1641665700000.0,13.006
1641720060000.0,13.048
1641768960000.0,13.097
1641770820000.0,13.168
1641816960000.0,13.23
1641818880000.0,13.118
1641823500000.0,13.167
1641825000000.0,13.195
1641836700000.0,13.247
1641892980000.0,13.275
1641911700000.0,13.346
1641972060000.0,13.375
1641974340000.0,13.447
1641987540000.0,13.565
1642002000000.0,13.604
1642029180000.0,13.648
1642038000000.0,13.518
1642071960000.0,13.548
1642073400000.0,13.581
1642087200000.0,13.645
1642147800000.0,13.515
1642158420000.0,13.385
1642159920000.0,13.436
1642183020000.0,13.346
1642301940000.0,13.444
1642331880000.0,13.354
1642355580000.0,13.238
1642359000000.0,13.287
1642363800000.0,13.336
1642391280000.0,13.377
1642477920000.0,13.407
1642497360000.0,13.451
1642528800000.0,13.321
1642530660000.0,13.35
1642563300000.0,13.22
1642564800000.0,13.256
1642576680000.0,13.31
1642578540000.0,13.364
1642629720000.0,13.274
1642630500000.0,13.313
1642637460000.0,13.349
1642642260000.0,13.219
1642713480000.0,13.252
1642714800000.0,13.122
1642716480000.0,12.992
1642718460000.0,12.862
1642730280000.0,12.732
1642731660000.0,12.602
1642735800000.0,12.472
1642767360000.0,12.342
1642768800000.0,12.448
1642796100000.0,12.318
1642800900000.0,12.693
1642803660000.0,12.563
1642819500000.0,12.606
1642822860000.0,12.476
1642826400000.0,12.506
1642829400000.0,12.595
1642830900000.0,12.625
1642833000000.0,12.684
1642834800000.0,12.741
1642836600000.0,12.776
1642845600000.0,12.987
1642860600000.0,13.079
1642862760000.0,13.112
1642865400000.0,12.982
1642866900000.0,13.046
1642878000000.0,13.144
1642879500000.0,13.231
1642890720000.0,13.101
1642893300000.0,13.158
1642904400000.0,13.23
1642905900000.0,13.313
1642938360000.0,13.223
1642940580000.0,13.133
1642949100000.0,13.175
1642964160000.0,13.045
1642965660000.0,13.128
1642985940000.0,12.998
1642988400000.0,12.868
1642989660000.0,12.949
1642991340000.0,12.977
1642992840000.0,13.034
1643002020000.0,12.944
1643002680000.0,12.978
1643011860000.0,13.008
1643015760000.0,12.878
1643017860000.0,12.923
1643019300000.0,13.035
1643020860000.0,13.072
1643022300000.0,13.144
1643031600000.0,13.014
1643044620000.0,12.884
1643054340000.0,12.978
1643065140000.0,13.014
1643074860000.0,13.043
1643122800000.0,13.109
1643143560000.0,13.145
1643145060000.0,13.174
1643147940000.0,13.084
1643200260000.0,13.113
1643202060000.0,13.185
1643219460000.0,13.055
1643220900000.0,13.116
1643233500000.0,13.15
1643235420000.0,13.184
1643245800000.0,13.233
1643247300000.0,13.268
1643248860000.0,13.138
1643297460000.0,13.008
1643298900000.0,13.039
1643301000000.0,13.107
1643303700000.0,13.168
1643306340000.0,13.078
1643306760000.0,12.948
1643308200000.0,13.007
1643331300000.0,13.072
1643333760000.0,13.17
1643336220000.0,13.241
1643337900000.0,13.269
1643358000000.0,13.139
1643368800000.0,13.175
1643373660000.0,13.21
1643468760000.0,13.08
1643470260000.0,13.114
1643471700000.0,13.172
1643515740000.0,13.227
1643517060000.0,13.284
1643519400000.0,13.378
1643532360000.0,13.409
1643552760000.0,13.279
1643554440000.0,13.344
1643570100000.0,13.214
1643572560000.0,13.266
1643589900000.0,13.136
1643629500000.0,13.171
1643710860000.0,13.215
1643728380000.0,13.309
1643745480000.0,13.188
1643766600000.0,13.219
1643813220000.0,13.089
1643814660000.0,12.959
1643816400000.0,13.015
1643818500000.0,12.885
1643837100000.0,12.943
1643838600000.0,13.05
1643849520000.0,13.079
1643883420000.0,12.949
1643886720000.0,13.03
1644044700000.0,13.068
1644073680000.0,13.118
1644079560000.0,12.988
1644081060000.0,12.858
1644120600000.0,12.966
1644122280000.0,12.836
1644130800000.0,12.901
1644143700000.0,12.968
1644158460000.0,12.838
1644159960000.0,13.005
1644172500000.0,13.04
1644178500000.0,12.91
1644180060000.0,12.78
1644181500000.0,12.808
1644183060000.0,12.678
1644225600000.0,12.732
1644236820000.0,12.602
1644247200000.0,12.673
1644252000000.0,12.712
1644267600000.0,12.791
1644275460000.0,12.661
1644277380000.0,12.571
1644278400000.0,12.647
1644293520000.0,12.517
1644303480000.0,12.555
1644307560000.0,12.59
1644322860000.0,12.46
1644333000000.0,12.33
1644335040000.0,12.363
1644348600000.0,12.475
1644372180000.0,12.385
1644383700000.0,12.429
1644386460000.0,12.299
1644400560000.0,12.332
1644415260000.0,12.202
1644431520000.0,12.072
1644450600000.0,12.117
1644453000000.0,12.195
1644500100000.0,12.065
1644501600000.0,12.14
1644520440000.0,12.01
1644525900000.0,12.063
1644536460000.0,12.13
1644537900000.0,12.162
1644539700000.0,12.214
1644570000000.0,12.272
1644581580000.0,12.331
1644606000000.0,12.385
1644610500000.0,12.497
1644646860000.0,12.557
1644648120000.0,12.427
1644676800000.0,12.474
1644691380000.0,12.384
1644711480000.0,12.417
1644770700000.0,12.462
1644772200000.0,12.49
1644774120000.0,12.36
1644777600000.0,12.23
1644802740000.0,12.1
1644818160000.0,12.141
1644866520000.0,12.011
1644870120000.0,12.059
1644959700000.0,12.103
1645018620000.0,12.143
1645020180000.0,12.202
1645069080000.0,12.072
1645070580000.0,11.942
1645072200000.0,12.007
1645086900000.0,11.877
1645109940000.0,11.933
1645122180000.0,11.803
1645125300000.0,11.673
1645183260000.0,11.704
1645195500000.0,11.748
1645197300000.0,11.837
1645237860000.0,11.875
1645261320000.0,11.906
1645267380000.0,11.816
1645271220000.0,11.862
1645300680000.0,11.772
1645317360000.0,11.806
1645318800000.0,11.872
1645336560000.0,11.912
1645365000000.0,11.95
1645366560000.0,11.82
1645391820000.0,11.69
1645393500000.0,11.763
1645439400000.0,11.795
1645443600000.0,11.836
1645445100000.0,11.938
1645449000000.0,11.986
1645459260000.0,12.04
1645462200000.0,11.95
1645466700000.0,11.82
1645468260000.0,11.867
1645472100000.0,11.737
1645480800000.0,11.607
1645482960000.0,11.655
1645485600000.0,11.698
1645487220000.0,11.568
1645499460000.0,11.617
1645517520000.0,11.661
1645531620000.0,11.705
1645546560000.0,11.575
1645550520000.0,11.628
1645579740000.0,11.498
1645582140000.0,11.549
1645628340000.0,11.419
1645632300000.0,11.289
1645641000000.0,11.328
1645645500000.0,11.365
1645671900000.0,11.467
1645673700000.0,11.641
1645702500000.0,11.683
1645723260000.0,11.553
1645742100000.0,11.423
1645760100000.0,11.457
1645765560000.0,11.327
1645781400000.0,11.385
1645801500000.0,11.255
1645819560000.0,11.125
1645821000000.0,11.177
1645843800000.0,11.235
1645845300000.0,11.274
1645894080000.0,11.325
1645916700000.0,11.358
1645921800000.0,11.228
1645924500000.0,11.275
1645926060000.0,11.304
1645969500000.0,11.174
1645971000000.0,11.22
1645990560000.0,11.261
1645992060000.0,11.365
1645993500000.0,11.418
1646008020000.0,11.288
1646054940000.0,11.346
1646072700000.0,11.382
1646100900000.0,11.252
1646102160000.0,11.292
1646115180000.0,11.365
1646127840000.0,11.399
1646129400000.0,11.487
1646145300000.0,11.581
1646147100000.0,11.718
1646180760000.0,11.747
1646203500000.0,11.778
1646205540000.0,11.829
1646228520000.0,11.699
1646320980000.0,11.569
1646322360000.0,11.439
1646353920000.0,11.309
1646355480000.0,11.219
1646407380000.0,11.261
1646421060000.0,11.131
1646423400000.0,11.184
1646425200000.0,11.215
1646441280000.0,11.251
1646487960000.0,11.121
1646489700000.0,11.164
1646540280000.0,11.074
1646561520000.0,11.113
1646577120000.0,11.17
1646608920000.0,11.04
1646613000000.0,11.098
1646677260000.0,11.008
1646678220000.0,10.878
1646717880000.0,10.915
1646772180000.0,10.825
1646774640000.0,10.735
1646775900000.0,10.763
1646850600000.0,10.822
1646877300000.0,10.891
1646888100000.0,10.922
1646890680000.0,10.832
1646891460000.0,10.86
1646962260000.0,10.895
1647032460000.0,10.957
1647164700000.0,10.987
1647166500000.0,10.857
1647191100000.0,10.89
1647228060000.0,10.931
1647316080000.0,10.966
1647490440000.0,11.011
1647562620000.0,10.881
1647565080000.0,10.751
1647720300000.0,10.78
1647745380000.0,10.822
1647768360000.0,10.692
1647798180000.0,10.762
1647826980000.0,10.791
1648087500000.0,10.855
1648095240000.0,10.891
1648125960000.0,10.761
1648196040000.0,10.824
1648221900000.0,10.857
1648223400000.0,10.897
1648227060000.0,10.962
1648228500000.0,11.01
1648230720000.0,11.048
1648386360000.0,11.076
1648485000000.0,11.143
1648503900000.0,11.013
1648509600000.0,11.105
1648569600000.0,11.171
1648603860000.0,11.236
1648605660000.0,11.291
1648698780000.0,11.201
1648726800000.0,11.249
1648735200000.0,11.119
1648746960000.0,11.168
1648778460000.0,11.217
1648780260000.0,11.267
1648781700000.0,11.137
1648912500000.0,11.173
1648914000000.0,11.221
1648944060000.0,11.269
1648949700000.0,11.311
1649006520000.0,11.181
1649066760000.0,11.051
1649084700000.0,11.103
1649168340000.0,11.146
1649169660000.0,11.178
1649186400000.0,11.217
1649203860000.0,11.341
1649205360000.0,11.39
1649207040000.0,11.428
1649253600000.0,11.485
1649289300000.0,11.602
1649345400000.0,11.65
1649423700000.0,11.681
1649425500000.0,11.717
1649456460000.0,11.587
1649460000000.0,11.623
1649461620000.0,11.71
1649629260000.0,11.788
1649631180000.0,11.853
1649669640000.0,11.723
1649671020000.0,11.593
1649673720000.0,11.627
1649706480000.0,11.683
1649713800000.0,11.73
1649773800000.0,11.808
1649787120000.0,11.718
1649787660000.0,11.749
1649790780000.0,11.659
1649845980000.0,11.529
1649944980000.0,11.399
1649951700000.0,11.431
1650238620000.0,11.468
1650255600000.0,11.675
1650258120000.0,11.703
1650298560000.0,11.743
1650432360000.0,11.779
1650462300000.0,11.819
1650468000000.0,11.866
1650480300000.0,11.925
1650521160000.0,11.968
1650688560000.0,11.996
1650846120000.0,11.866
1650848100000.0,12.03
1650850320000.0,12.063
1650866460000.0,12.094
1650870120000.0,11.964
1650984300000.0,11.993
1651015020000.0,11.863
1651017840000.0,11.948
1651058880000.0,11.988
1651152060000.0,12.02
1651154220000.0,12.058
1651230120000.0,12.1
1651262100000.0,12.22
1651329360000.0,12.09
1651330500000.0,12.135
1651332360000.0,12.187
1651340940000.0,12.097
1651354680000.0,11.987
1651356300000.0,12.036
1651359900000.0,11.906
1651407060000.0,11.776
1651430880000.0,11.686
1651432320000.0,11.737
1651480800000.0,11.78
1651483500000.0,11.815
1651503300000.0,11.866
1651513320000.0,11.736
1651602660000.0,11.809
1651607280000.0,11.837
1651641960000.0,11.891
1651667940000.0,11.761
1651702320000.0,11.82
1651705140000.0,11.899
1651730160000.0,11.769
1651758000000.0,11.813
1651759500000.0,11.859
1651761180000.0,11.729
1651762500000.0,11.767
1651764660000.0,11.637
1651766100000.0,11.723
1651768860000.0,11.593
1651823280000.0,11.724
1651835760000.0,11.779
1651838400000.0,11.836
1651890960000.0,11.706
1651893900000.0,11.616
1651930320000.0,11.663
1651964100000.0,11.715
1651976040000.0,11.585
1652030100000.0,11.63
1652031720000.0,11.668
1652054160000.0,11.72
1652062920000.0,11.59
1652064300000.0,11.626
1652077080000.0,11.663
1652092380000.0,11.533
1652094000000.0,11.571
1652095620000.0,11.609
1652110260000.0,11.479
1652112240000.0,11.349
1652114400000.0,11.421
1652118180000.0,11.52
1652133600000.0,11.619
1652138160000.0,11.684
1652139900000.0,11.842
1652141400000.0,11.712
1652154000000.0,11.804
1652168520000.0,11.674
1652193720000.0,11.544
1652195460000.0,11.629
1652210040000.0,11.677
1652211660000.0,11.726
1652214960000.0,11.829
1652216400000.0,11.699
1652218260000.0,11.569
1652219460000.0,11.439
1652232900000.0,11.469
1652244420000.0,11.339
1652251020000.0,11.209
1652252400000.0,11.261
1652254800000.0,11.678
1652267160000.0,11.548
1652269200000.0,11.418
1652270700000.0,11.461
1652272200000.0,11.331
1652274000000.0,11.446
1652286900000.0,11.637
1652289000000.0,11.97
1652291100000.0,12.064
1652296200000.0,12.173
1652321700000.0,12.324
1652323500000.0,12.41
1652325000000.0,12.723
1652328300000.0,12.924
1652350800000.0,13.023
1652379300000.0,13.111
1652381460000.0,13.264
1652382900000.0,13.321
1652428200000.0,13.443
1652431200000.0,13.746
1652447700000.0,13.895
1652459700000.0,14.027
1652461200000.0,14.239
1652484360000.0,14.325
1652486100000.0,14.371
1652500200000.0,14.407
1652503200000.0,14.277
1652515860000.0,14.317
1652521860000.0,14.187
1652523360000.0,14.057
1652525400000.0,13.927
1652526900000.0,14.134
1652555760000.0,14.004
1652558100000.0,14.036
1652582160000.0,14.123
1652601240000.0,14.171
1652602560000.0,14.041
1652623680000.0,14.083
1652625360000.0,14.161
1652658000000.0,14.196
1652660700000.0,14.247
1652665800000.0,14.309
1652673720000.0,14.179
1652682900000.0,14.264
1652684460000.0,14.32
1652685900000.0,14.37
1652711580000.0,14.24
1652715300000.0,14.11
1652720460000.0,14.148
1652730240000.0,14.199
1652741160000.0,14.258
1652742660000.0,14.305
1652745600000.0,14.435
1652798280000.0,14.305
1652801400000.0,14.37
1652804100000.0,14.41
1652812620000.0,14.442
1652839080000.0,14.471
1652857200000.0,14.539
1652878500000.0,14.59
1652880960000.0,14.659
1652882580000.0,14.733
1652885100000.0,14.603
1652887500000.0,14.663
1652906580000.0,14.726
1652917500000.0,14.596
1652925960000.0,14.677
1652950500000.0,14.735
1652953140000.0,14.768
1652981280000.0,14.678
1653014100000.0,14.719
1653017520000.0,14.589
1653028200000.0,14.459
1653057600000.0,14.329
1653059100000.0,14.36
1653061920000.0,14.411
1653095100000.0,14.281
1653133440000.0,14.347
1653195840000.0,14.388
1653233100000.0,14.419
1653271560000.0,14.454
1653315000000.0,14.529
1653333120000.0,14.399
1653334980000.0,14.279
1653336000000.0,14.357
1653345180000.0,14.227
1653347700000.0,14.323
1653382860000.0,14.373
1653400200000.0,14.445
1653401700000.0,14.521
1653412860000.0,14.391
1653454380000.0,14.268
1653459000000.0,14.303
1653543300000.0,14.173
1653554100000.0,14.244
1653555600000.0,14.114
1653571200000.0,14.157
1653585720000.0,14.211
1653592320000.0,14.081
1653595500000.0,14.124
1653612300000.0,14.191
1653614700000.0,14.237
1653617160000.0,14.381
1653627600000.0,14.437
1653630000000.0,14.485
1653641760000.0,14.538
1653645360000.0,14.581
1653662220000.0,14.615
1653667620000.0,14.485
1653674460000.0,14.355
1653677100000.0,14.39
1653722940000.0,14.3
1653777300000.0,14.264
1653872580000.0,14.174
1653958260000.0,14.223
1653978600000.0,14.274
1653979860000.0,14.317
1654004400000.0,14.187
1654005900000.0,14.251
1654018800000.0,14.121
1654023840000.0,14.16
1654043160000.0,14.203
1654053120000.0,14.233
1654094100000.0,14.103
1654098600000.0,13.973
1654100220000.0,13.843
1654101900000.0,13.873
1654115700000.0,13.907
1654175700000.0,13.777
1654215540000.0,13.863
1654231200000.0,13.733
1654232520000.0,13.765
1654253100000.0,13.836
1654254900000.0,13.706
1654309200000.0,13.576
1654346400000.0,13.486
1654347240000.0,13.528
1654391700000.0,13.438
1654528980000.0,13.511
1654562100000.0,13.593
1654564080000.0,13.463
1654565460000.0,13.333
1654566900000.0,13.412
1654579800000.0,13.449
1654599900000.0,13.535
1654602360000.0,13.405
1654605000000.0,13.445
1654635360000.0,13.536
1654641060000.0,13.406
1654659420000.0,13.516
1654712760000.0,13.386
1654715160000.0,13.256
1654734900000.0,13.315
1654809000000.0,13.415
1654852800000.0,13.445
1654864500000.0,13.736
1654878600000.0,13.837
1654903500000.0,13.973
1654937820000.0,14.003
1654938660000.0,14.034
1654944000000.0,14.063
1654946700000.0,14.096
1654948260000.0,14.16
1654952100000.0,14.195
1654961880000.0,14.065
1654990980000.0,14.106
1654999260000.0,14.138
1655000820000.0,14.008
1655004780000.0,14.27
1655011860000.0,14.335
1655043660000.0,14.459
1655073720000.0,14.329
1655075280000.0,14.385
1655077500000.0,14.255
1655081400000.0,14.125
1655082900000.0,14.233
1655087100000.0,14.299
1655102700000.0,14.402
1655110800000.0,14.497
1655120520000.0,14.367
1655147760000.0,14.476
1655157420000.0,14.518
1655158800000.0,14.554
1655161200000.0,14.671
1655171100000.0,14.737
1655192220000.0,14.77
1655196900000.0,14.802
1655198520000.0,14.852
1655200020000.0,14.924
1655201520000.0,14.957
1655209800000.0,15.07
1655217720000.0,14.94
1655226000000.0,15.013
1655234460000.0,15.057
1655243760000.0,15.128
1655254800000.0,15.158
1655260320000.0,15.028
1655262600000.0,14.898
1655265060000.0,14.808
1655265960000.0,14.678
1655267460000.0,14.727
1655280600000.0,14.841
1655304000000.0,14.874
1655313000000.0,14.945
1655340360000.0,14.993
1655345460000.0,14.863
1655347080000.0,14.773
1655361480000.0,14.806
1655362860000.0,14.921
1655365380000.0,14.951
1655367780000.0,14.982
1655371980000.0,14.852
1655373480000.0,14.926
1655375160000.0,14.796
1655376720000.0,14.666
1655388420000.0,14.758
1655402820000.0,14.668
1655408700000.0,14.71
1655420640000.0,14.58
1655469900000.0,14.675
1655516220000.0,14.545
1655517900000.0,14.58
1655535600000.0,14.681
1655537100000.0,14.551
1655581740000.0,14.421
1655583000000.0,14.479
1655599920000.0,14.509
1655602260000.0,14.419
1655603160000.0,14.454
1655605500000.0,14.324
1655616300000.0,14.194
1655617620000.0,14.236
1655687820000.0,14.265
1655689380000.0,14.135
1655748600000.0,14.207
1655764200000.0,14.272
1655835540000.0,14.182
1655837160000.0,14.224
1655856900000.0,14.094
1655879520000.0,13.964
1655913600000.0,14.011
1655974860000.0,14.062
1655989560000.0,14.092
1656043080000.0,14.002
1656045960000.0,14.03
1656084000000.0,14.092
1656160080000.0,13.962
1656161700000.0,13.832
1656197820000.0,13.907
1656207480000.0,13.966
1656210000000.0,14.007
1656255720000.0,13.877
1656257280000.0,13.747
1656266700000.0,13.784
1656268800000.0,13.815
1656282300000.0,13.685
1656283980000.0,13.74
1656287220000.0,13.773
1656331620000.0,13.83
1656333000000.0,13.74
1656334740000.0,13.797
1656339360000.0,13.911
1656373500000.0,13.945
1656381900000.0,13.986
1656383100000.0,14.015
1656426900000.0,14.055
1656431100000.0,14.11
1656482220000.0,14.169
1656501600000.0,14.218
1656543060000.0,14.258
1656545580000.0,14.168
1656546780000.0,14.048
1656550680000.0,13.958
1656551820000.0,13.828
1656553860000.0,13.857
1656565920000.0,13.727
1656571020000.0,13.792
1656572940000.0,13.823
1656577440000.0,13.693
1656596700000.0,13.829
1656647400000.0,13.739
1656648180000.0,13.609
1656649860000.0,13.729
1656651060000.0,13.785
1656672960000.0,13.875
1656723900000.0,13.967
1656903480000.0,13.877
1657008360000.0,13.747
1657009920000.0,13.617
1657011840000.0,13.527
1657014780000.0,13.397
1657270980000.0,13.267
1657298880000.0,13.321
1657368120000.0,13.357
1657414620000.0,13.385
1657503600000.0,13.421
1657520100000.0,13.458
1657548300000.0,13.503
1657578600000.0,13.552
1657580100000.0,13.602
1657609980000.0,13.512
1657611300000.0,13.541
1657653060000.0,13.619
1657654860000.0,13.673
1657716000000.0,13.543
1657717620000.0,13.413
1657819020000.0,13.469
1657881180000.0,13.379
1658171460000.0,13.249
1658206920000.0,13.119
1658208660000.0,13.17
1658213100000.0,13.219
1658215560000.0,13.278
1658218260000.0,13.349
1658238600000.0,13.381
1658240460000.0,13.416
1658244300000.0,13.527
1658260920000.0,13.573
1658276100000.0,13.616
1658307660000.0,13.486
1658334600000.0,13.549
1658348100000.0,13.685
1658350020000.0,13.755
1658371800000.0,13.837
1658505000000.0,13.871
1658520300000.0,13.918
1658578020000.0,13.788
1658709300000.0,13.82
1658711220000.0,13.69
1658712780000.0,13.572
1658714040000.0,13.605
1658777340000.0,13.475
1658793000000.0,13.512
1658794680000.0,13.382
1658796000000.0,13.442
1658797620000.0,13.476
1658861220000.0,13.508
1659094860000.0,13.378
1659098460000.0,13.248
1659111360000.0,13.419
1659113280000.0,13.485
1659147000000.0,13.568
1659150060000.0,13.438
1659152700000.0,13.479
1659154380000.0,13.559
1659176220000.0,13.666
1659211440000.0,13.74
1659216900000.0,13.65
1659254460000.0,13.52
1659255660000.0,13.55
1659257520000.0,13.595
1659292200000.0,13.676
1659295740000.0,13.586
1659298860000.0,13.496
1659304500000.0,13.532
1659306120000.0,13.402
1659307740000.0,13.272
1659335580000.0,13.305
1659338160000.0,13.175
1659350700000.0,13.262
1659352440000.0,13.297
1659372360000.0,13.384
1659401700000.0,13.414
1659405300000.0,13.515
1659407220000.0,13.385
1659409500000.0,13.255
1659411660000.0,13.165
1659432420000.0,13.254
1659444480000.0,13.124
1659462240000.0,12.994
1659487020000.0,12.864
1659488640000.0,12.734
1659565680000.0,12.772
1659567540000.0,12.807
1659568920000.0,12.846
1659570840000.0,12.986
1659594600000.0,12.856
1659604140000.0,12.9
1659615660000.0,12.77
1659703800000.0,12.841
1659806220000.0,12.948
1659834300000.0,12.999
1659972720000.0,13.027
1659975240000.0,13.075
1660038540000.0,13.121
1660040460000.0,13.031
1660041780000.0,12.941
1660043040000.0,12.994
1660054020000.0,12.864
1660092420000.0,12.734
1660157940000.0,12.784
1660233720000.0,12.824
1660302060000.0,12.866
1660377180000.0,12.776
1660484220000.0,12.857
1660496700000.0,12.925
1660544100000.0,12.975
1660545600000.0,13.015
1660547160000.0,13.044
1660605480000.0,13.077
1660618980000.0,12.947
1660721700000.0,13.0
1660723680000.0,12.91
1660739160000.0,12.78
1660744260000.0,12.65
1660771320000.0,12.52
1660812120000.0,12.39
1660841160000.0,12.422
1660864800000.0,12.451
1660866480000.0,12.321
1660870560000.0,12.351
1660890960000.0,12.221
1660892700000.0,12.251
1660894320000.0,12.311
1660907160000.0,12.181
1660946700000.0,12.232
1661015940000.0,12.102
1661022300000.0,11.972
1661024580000.0,12.101
1661120640000.0,12.15
1661152140000.0,12.06
1661152320000.0,12.091
1661154780000.0,12.001
1661155260000.0,12.034
1661156760000.0,12.071
1661175420000.0,12.139
1661236200000.0,12.119
1661272560000.0,12.178
1661302140000.0,12.234
1661306400000.0,12.276
1661308620000.0,12.186
1661382060000.0,12.232
1661491860000.0,12.301
1661512500000.0,12.336
1661524800000.0,12.368
1661526300000.0,12.451
1661729760000.0,12.481
1661732100000.0,12.516
1661869440000.0,12.386
1661871120000.0,12.42
1661958900000.0,12.454
1662140700000.0,12.484
1662430320000.0,12.522
1662473940000.0,12.568
1662484500000.0,12.629
1662486420000.0,12.499
1662490800000.0,12.425
1662517860000.0,12.494
1662643140000.0,12.522
1662796200000.0,12.585
1662945060000.0,12.634
1662998580000.0,12.504
1663000080000.0,12.533
1663029660000.0,12.595
1663072800000.0,12.679
1663074360000.0,12.549
1663179660000.0,12.578
1663253820000.0,12.488
1663254660000.0,12.539
1663535400000.0,12.409
1663538040000.0,12.279
1663554300000.0,12.321
1663694640000.0,12.368
1663741860000.0,12.451
1663784100000.0,12.525
1663790520000.0,12.562
1663792200000.0,12.611
1663794900000.0,12.481
1663854420000.0,12.523
1663932420000.0,12.552
1663941960000.0,12.581
1664296080000.0,12.63
1664297760000.0,12.664
1664302560000.0,12.574
1664330220000.0,12.611
1664331780000.0,12.481
1664333280000.0,12.606
1665446280000.0,12.516
1665447360000.0,12.573
1665449520000.0,12.604
1665451500000.0,12.636
1665631140000.0,12.669
1665643200000.0,12.539
1665645480000.0,12.575
1665646800000.0,12.675
1665657420000.0,12.714
1665757860000.0,12.754
1666104060000.0,12.803
1666219200000.0,12.895
1666221480000.0,12.765
1666289760000.0,12.796
1666341720000.0,12.835
1666621740000.0,12.885
1666856760000.0,12.939
1666902120000.0,12.809
1667070300000.0,12.679
1667072880000.0,12.589
1667142900000.0,12.626
1667144820000.0,12.496
1667146500000.0,12.564
1667148360000.0,12.434
1667168460000.0,12.304
1667178000000.0,12.49
1667181660000.0,12.522
1667194620000.0,12.554
1667216640000.0,12.612
1667224800000.0,12.875
1667268780000.0,12.748
1667332200000.0,12.783
1667373600000.0,12.866
1667383740000.0,12.935
1667406660000.0,12.967
1667420700000.0,13.022
1667422920000.0,13.092
1667474940000.0,13.134
1667476200000.0,13.213
1667508300000.0,13.464
1667511000000.0,13.633
1667514000000.0,13.891
1667553900000.0,13.938
1667578200000.0,14.057
1667619000000.0,14.136
1667624760000.0,14.006
1667636400000.0,14.069
1667654220000.0,13.939
1667674740000.0,13.988
1667677500000.0,14.185
1667679060000.0,14.227
1667689800000.0,14.359
1667700480000.0,14.229
1667713500000.0,14.286
1667776260000.0,14.317
1667808000000.0,14.187
1667859900000.0,14.057
1667876460000.0,13.927
1667878140000.0,13.797
1667880600000.0,13.886
1667918580000.0,13.915
1667930100000.0,13.785
1667931600000.0,13.816
1667935500000.0,13.867
1667961840000.0,13.737
1667980200000.0,13.849
1667982900000.0,13.878
1667985600000.0,14.074
1667987700000.0,13.944
1667989200000.0,14.016
1667999400000.0,14.099
1668001200000.0,14.129
1668004500000.0,14.28
1668009300000.0,14.15
1668010800000.0,14.198
1668015000000.0,14.234
1668028860000.0,14.104
1668030300000.0,14.266
1668067800000.0,14.136
1668099900000.0,14.006
1668101820000.0,13.876
1668103200000.0,13.975
1668133500000.0,13.845
1668136740000.0,13.755
1668137700000.0,13.798
1668175980000.0,13.668
1668177300000.0,13.538
1668227100000.0,13.587
1668229140000.0,13.457
1668230520000.0,13.488
1668232140000.0,13.358
1668330780000.0,13.457
1668357900000.0,13.327
1668359880000.0,13.385
1668385500000.0,13.823
1668487140000.0,13.733
1668537000000.0,13.764
1668538620000.0,13.81
1668588240000.0,13.843
1668607920000.0,13.891
1668657900000.0,13.927
1668691200000.0,13.797
1668835860000.0,13.834
1668981000000.0,13.866
1668996600000.0,13.964
1669048680000.0,14.014
1669060080000.0,14.084
1669101660000.0,14.128
1669111320000.0,14.038
1669137000000.0,13.978
1669212000000.0,14.036
1669251480000.0,13.946
1669287600000.0,14.019
1669336260000.0,14.069
1669600260000.0,13.959
1669601940000.0,13.995
1669652460000.0,14.023
1669829160000.0,14.056
1669855500000.0,13.926
1670300640000.0,13.957
1670397120000.0,13.827
1670593560000.0,13.867
1670813700000.0,14.028
1670916420000.0,14.072
1670946900000.0,14.077
1671181500000.0,13.947
1671184200000.0,13.979
1671230400000.0,14.389
1671232380000.0,14.259
1671233700000.0,14.298
1671236460000.0,14.356
1671244020000.0,14.416
1671418620000.0,14.286
1671471600000.0,14.329
1671488100000.0,14.199
1671489300000.0,14.235
1671585180000.0,14.267
1671721380000.0,14.177
1671731760000.0,14.213
1672280400000.0,14.256
1672344480000.0,14.166
1672345560000.0,14.199
1672385520000.0,14.069
1672682700000.0,13.996
1672807500000.0,13.979
1672809660000.0,14.015
1672860960000.0,14.053
1672866240000.0,14.091
1672901520000.0,14.126
1672986600000.0,14.194
1673061300000.0,14.249
1673079300000.0,14.285
1673082600000.0,14.363
1673099340000.0,14.273
1673132400000.0,14.398
1673157240000.0,14.427
1673222700000.0,14.526
1673250900000.0,14.568
1673253000000.0,14.625
1673254560000.0,14.495
1673288400000.0,14.618
1673290500000.0,14.707
1673292660000.0,14.854
1673294400000.0,15.078
1673318400000.0,15.114
1673320200000.0,15.352
1673337000000.0,15.4
1673338500000.0,15.536
1673340900000.0,15.567
1673349600000.0,15.6
1673351100000.0,15.648
1673379420000.0,15.689
1673390460000.0,15.725
1673394000000.0,15.595
1673405820000.0,15.465
1673407200000.0,15.335
1673445960000.0,15.205
1673451000000.0,15.283
1673456160000.0,15.329
1673469300000.0,15.38
1673472000000.0,15.416
1673488800000.0,15.286
1673492400000.0,15.361
1673502060000.0,15.4
1673534700000.0,15.56
1673551200000.0,15.6
1673568660000.0,15.65
1673570700000.0,15.789
1673588160000.0,15.829
1673606820000.0,15.885
1673610420000.0,15.931
1673626680000.0,15.978
1673650200000.0,16.059
1673666160000.0,16.118
1673669460000.0,15.988
1673689200000.0,15.858
1673691000000.0,15.898
1673694060000.0,15.768
1673720340000.0,15.816
1673721600000.0,15.848
1673742900000.0,15.943
1673745300000.0,15.995
1673766900000.0,15.865
1673821560000.0,15.913
1673838960000.0,15.783
1673853300000.0,15.822
1673856600000.0,16.098
1673882100000.0,16.311
1673941560000.0,16.358
1673951400000.0,16.426
1673955300000.0,16.481
1673965800000.0,16.351
1673972160000.0,16.433
1673988540000.0,16.303
1674009600000.0,16.389
1674030420000.0,16.42
1674056520000.0,16.29
1674057900000.0,16.321
1674059700000.0,16.363
1674074100000.0,16.407
1674076800000.0,16.277
1674085500000.0,16.324
1674126900000.0,16.413
1674255720000.0,16.444
1674260400000.0,16.546
1674291420000.0,16.456
1674294480000.0,16.541
1674297000000.0,16.64
1674345300000.0,16.674
1674401100000.0,16.759
1674403260000.0,16.802
1674418560000.0,16.834
1674420900000.0,16.871
1674446400000.0,16.945
1674475860000.0,17.034
1674503580000.0,17.096
1674519600000.0,17.131
1674553500000.0,17.16
1674593160000.0,17.241
1674598020000.0,17.111
1674599400000.0,17.392
1674638160000.0,17.425
1674641940000.0,17.466
1674748560000.0,17.527
1674891360000.0,17.561
1674893820000.0,17.636
1674895620000.0,17.706
1674897420000.0,17.576
1674907500000.0,17.607
1674909900000.0,17.649
1674911820000.0,17.519
1674928320000.0,17.555
1674941400000.0,17.611
1674951600000.0,17.697
1675063920000.0,17.75
1675070100000.0,17.62
1675072320000.0,17.49
1675073520000.0,17.535
1675105800000.0,17.822
1675108260000.0,17.872
1675222860000.0,17.901
1675234800000.0,17.811
1675266960000.0,17.681
1675319040000.0,17.551
1675376100000.0,17.581
1675410720000.0,17.618
1675437480000.0,17.696
1675596480000.0,17.606
1675601700000.0,17.99
1675652220000.0,18.032
1675720260000.0,18.07
1675725660000.0,18.107
1675826400000.0,18.142
1675873200000.0,18.181
1675911600000.0,18.223
1675914060000.0,18.254
1675961820000.0,18.124
1675970460000.0,17.994
1675972260000.0,18.053
1675974000000.0,18.116
1676023620000.0,18.026
1676044500000.0,18.056
1676065200000.0,17.926
1676238300000.0,17.796
1676239620000.0,17.666
1676277060000.0,17.748
1676279760000.0,17.618
1676385180000.0,17.664
1676546040000.0,17.534
1676556300000.0,17.607
1676558940000.0,17.658
1676568840000.0,17.709
1676578560000.0,17.619
1676579400000.0,17.706
1676588100000.0,17.75
1676589600000.0,17.78
1676591220000.0,17.65
1676671560000.0,17.709
1676825700000.0,17.742
1676829060000.0,17.612
1676855700000.0,17.784
1676911140000.0,17.834
1676969520000.0,17.907
1677030900000.0,17.777
1677055500000.0,17.816
1677079320000.0,17.686
1677151800000.0,17.782
1677247920000.0,17.812
1677253200000.0,17.682
1677255300000.0,17.725
1677350400000.0,17.78
1677352020000.0,17.85
1677353700000.0,17.902
1677357300000.0,17.934
1677522300000.0,17.804
1677571080000.0,17.714
1677618660000.0,17.584
1677620100000.0,17.657
1677766680000.0,17.527
1677806400000.0,17.397
1677807900000.0,17.445
1677809520000.0,17.476
1677811980000.0,17.551
1677987840000.0,17.461
1678079580000.0,17.52
1678198080000.0,17.581
1678254600000.0,17.645
1678284600000.0,17.515
1678298820000.0,17.555
1678300260000.0,17.631
1678391400000.0,17.501
1678392720000.0,17.371
1678395600000.0,17.566
1678444500000.0,17.595
1678460160000.0,17.628
1678485000000.0,17.703
1678503960000.0,17.573
1678508160000.0,17.611
1678519200000.0,17.643
1678520700000.0,17.513
1678522320000.0,17.592
1678533300000.0,17.502
1678534740000.0,17.551
1678677960000.0,17.599
1678698000000.0,17.653
1678699680000.0,17.523
1678701780000.0,17.569
1678724460000.0,17.651
1678726860000.0,17.521
1678729080000.0,17.55
1678781460000.0,17.42
1678811280000.0,17.466
1678817400000.0,17.535
1678828800000.0,17.587
1678840260000.0,17.623
1678852440000.0,17.668
1678878480000.0,17.538
1678879800000.0,17.587
1678889400000.0,17.654
1678891500000.0,17.69
1678894800000.0,17.769
1678896300000.0,17.876
1678898820000.0,17.948
1678959000000.0,17.976
1678971000000.0,18.085
1678972860000.0,17.955
1678974900000.0,18.005
1678976700000.0,18.035
1678984380000.0,17.905
1679064000000.0,17.949
1679098800000.0,18.094
1679152200000.0,18.16
1679153700000.0,18.282
1679156760000.0,18.152
1679176680000.0,18.022
1679180700000.0,18.096
1679183280000.0,18.149
1679208600000.0,18.179
1679233500000.0,18.218
1679258400000.0,18.3
1679283060000.0,18.17
1679284560000.0,18.275
1679331360000.0,18.145
1679335500000.0,18.015
1679364900000.0,18.071
1679377260000.0,17.941
1679420760000.0,17.994
1679445900000.0,18.049
1679503260000.0,17.919
1679505840000.0,17.974
1679514300000.0,17.844
1679575440000.0,17.882
1679578020000.0,17.931
1679598000000.0,18.04
1679765460000.0,17.91
1679771520000.0,17.943
1679773680000.0,17.853
1679775180000.0,17.897
1679927520000.0,17.767
1679929500000.0,17.836
1680021840000.0,17.868
1680102180000.0,17.778
1680138000000.0,17.831
1680448560000.0,17.701
1680450240000.0,17.746
1680552900000.0,17.616
1680698100000.0,17.659
1680707640000.0,17.728
1680744660000.0,17.598
1681265760000.0,17.468
1681608180000.0,17.5
1681692360000.0,17.37
1681891320000.0,17.24
1681892400000.0,17.11
1681894260000.0,17.171
1681931760000.0,17.199
1681959900000.0,17.069
1682003940000.0,17.13
1682005320000.0,17.0
1682006700000.0,17.03
1682010600000.0,17.105
1682044680000.0,17.142
1682210100000.0,17.202
1682265120000.0,17.242
1682307240000.0,17.277
1682356080000.0,17.32
1682434620000.0,17.348
1682438700000.0,17.392
1682537400000.0,17.448
1682539500000.0,17.581
1682906220000.0,17.61
1683313020000.0,17.639
1683379020000.0,17.509
1683380760000.0,17.554
1683478620000.0,17.65
1683509460000.0,17.741
1683510960000.0,17.784
1683513780000.0,17.694
1683554280000.0,17.579
1683568800000.0,17.818
1683571320000.0,17.889
1683706560000.0,17.95
1683709500000.0,17.894
1683710400000.0,17.928
1683737940000.0,17.961
1683739200000.0,18.003
1683770100000.0,18.039
1683777840000.0,18.096
1683786540000.0,18.133
1683816300000.0,18.173
1683860580000.0,18.215
1684084680000.0,18.125
1684088160000.0,18.035
1684125000000.0,18.064
1684200120000.0,18.108
1684201560000.0,18.152
1684323900000.0,18.218
1684333080000.0,18.255
1684334340000.0,18.299
1684335960000.0,18.387
1684414560000.0,18.297
1684416300000.0,18.335
1684432500000.0,18.205
1684772580000.0,18.115
1684774800000.0,18.153
1684937460000.0,18.192
1684978200000.0,18.273
1685509560000.0,18.304
1685588940000.0,18.336
1685923680000.0,18.388
1685979420000.0,18.451
1685980800000.0,18.62
1685983500000.0,18.651
1686132300000.0,18.712
1686148620000.0,18.582
1686243240000.0,18.621
1686358800000.0,18.491
1686360540000.0,18.527
1686361800000.0,18.397
1686365100000.0,18.451
1686371100000.0,19.12
1686401820000.0,19.03
1686402660000.0,19.059
1686499080000.0,18.969
1686518280000.0,19.004
1686538200000.0,19.088
1686569460000.0,18.998
1686618780000.0,19.032
1686631260000.0,19.066
1686669960000.0,18.936
1686773520000.0,19.018
1686774900000.0,19.082
1686849300000.0,19.117
1687033500000.0,19.106
1687048380000.0,19.016
1687049520000.0,19.056
1687077120000.0,18.966
1687272300000.0,18.903
1687414380000.0,18.773
1687432200000.0,18.988
1687434420000.0,18.858
1687436820000.0,18.768
1687445100000.0,18.833
1687486380000.0,18.868
1687548960000.0,18.778
1687579680000.0,18.688
1687608000000.0,18.637
1687699800000.0,18.727
1687741080000.0,18.597
1687798200000.0,18.652
1687911960000.0,18.71
1687982400000.0,18.758
1688052780000.0,18.668
1688132400000.0,18.786
1688185500000.0,18.814
1688271420000.0,18.849
1688365380000.0,18.759
1688390400000.0,18.669
1688404440000.0,18.701
1688554800000.0,18.571
1688654460000.0,18.695
1688688060000.0,18.734
1688948700000.0,18.604
1689028020000.0,18.673
1689070080000.0,18.583
1689178260000.0,18.62
1689274200000.0,18.66
1689354360000.0,18.53
1689358800000.0,18.4
1689360300000.0,18.27
1689362940000.0,18.306
1689474360000.0,18.339
1689599760000.0,18.37
1689612060000.0,18.24
1689614820000.0,18.11
1689648840000.0,18.139
1689681180000.0,18.009
1689703860000.0,18.062
1689736500000.0,18.114
1689757260000.0,17.984
1689864360000.0,18.046
1689939660000.0,18.075
1689947280000.0,17.945
1690068060000.0,17.815
1690192500000.0,17.858
1690335180000.0,17.768
1690335300000.0,17.638
1690748220000.0,17.705
1690856100000.0,17.738
1691257500000.0,17.767
1691264100000.0,17.805
1691309280000.0,17.715
1691310840000.0,17.768
1691331240000.0,17.638
1691332500000.0,17.674
1691334540000.0,17.584
1691336040000.0,17.622
1691422500000.0,17.653
1691424720000.0,17.523
1691426760000.0,17.393
1692126600000.0,17.716
1692130020000.0,17.76
1692217800000.0,17.894
1692220800000.0,17.933
1692308400000.0,17.964
1692322800000.0,17.925
1692349020000.0,17.957
1692631800000.0,18.022
1692726300000.0,18.056
1692727860000.0,18.09
1692975960000.0,18.123
1693501740000.0,18.156
1694292185947.638,18.164
1694361743253.461,18.147
